1.414213538 4.523513667e-05 8
1.732050776 2.565140539e-05 4
2 1.649130791e-05 5
2.23606801 1.490527603e-05 16
2.449489832 1.19537596e-05 12
2.945096664 4.623048455e-06 25
3.257885873 5.253946025e-06 32
3.687214994 3.702872353e-06 40
4.193946985 3.078932163e-06 65
4.724808727 2.428170569e-06 85
5.306359828 2.223644243e-06 128
6.096340502 1.819943757e-06 213
6.934177615 1.51065799e-06 273
7.825497437 1.29364823e-06 385
8.82991753 1.198542123e-06 545
9.972902897 1.112298806e-06 805
11.28569878 9.180776939e-07 1150
12.78891905 7.92659862e-07 1713
14.53848792 6.598911155e-07 2574
16.46900375 5.368257523e-07 3462
18.62838226 4.78229879e-07 5182
21.0979548 4.190613293e-07 7431
23.8992496 3.488196367e-07 10879
27.08159162 2.908762464e-07 15751
30.67109542 2.449365134e-07 22700
34.71473872 2.1012901e-07 32712
39.28700284 1.804736156e-07 47417
44.48583965 1.533849648e-07 69166
50.37917053 1.323094611e-07 100058
57.04527269 1.142755025e-07 145099
64.59887684 1.005018038e-07 210744
73.15680421 8.798655585e-08 305761
82.83794861 7.745138443e-08 442854
93.79987971 6.86990085e-08 643232
106.2146255 6.12241305e-08 932841
120.2681001 5.439991791e-08 1353371
136.1833478 4.842277123e-08 1964581
154.205814 4.298909037e-08 2850691
174.6173453 3.796138263e-08 4139333
197.7316552 3.325432019e-08 6006785
223.8998379 2.888371192e-08 8717120
253.5321678 2.48302065e-08 12655403
287.085879 2.109982994e-08 18367296
325.0802028 1.776912505e-08 26665028
368.103054 1.479960799e-08 38704941
416.8214315 1.228902855e-08 56193800
471.9863885 1.062671321e-08 81566602
