1.367171259 2.626438297e-06 17
2.385326409 2.495220135e-06 41
3.401583682 2.583320391e-06 89
4.412521673 2.266454123e-06 129
5.454827237 1.77682772e-06 225
6.434946136 1.522088121e-06 253
7.436757396 1.380191576e-06 393
8.444535568 1.2207552e-06 461
9.458928972 1.129527813e-06 613
10.46210466 1.008639375e-06 713
11.44954903 8.45323244e-07 845
12.45324773 8.016440619e-07 1025
13.47758609 6.95777302e-07 1229
14.47601472 6.447197054e-07 1313
15.46860292 5.716458281e-07 1585
16.46572349 4.991153803e-07 1701
17.46543308 4.787525164e-07 2021
18.46898169 4.49558226e-07 2181
19.47397238 4.240533794e-07 2473
20.47820638 4.004300179e-07 2697
21.47671439 3.710150884e-07 2949
22.47082386 3.469432814e-07 3237
23.47569929 3.214784981e-07 3577
24.47364525 2.979537574e-07 3761
25.47358607 2.797045958e-07 4249
26.48254416 2.599481468e-07 4465
27.48833039 2.525260349e-07 4937
28.48344364 2.380715885e-07 5013
29.47958157 2.23733342e-07 5677
30.47376335 2.172326398e-07 5773
31.47818108 2.00748068e-07 6489
32.48172678 1.971632157e-07 6653
33.4843691 1.881193287e-07 7229
34.48673843 1.814583006e-07 7561
35.48604077 1.809854141e-07 8033
36.48713993 1.682686435e-07 8469
37.48215335 1.660635197e-07 8889
38.48147449 1.596185956e-07 9441
39.48354926 1.549027598e-07 9965
40.48010208 1.540959059e-07 10309
41.48015446 1.499889128e-07 11033
42.48181226 1.466892539e-07 11433
43.48736144 1.470334993e-07 12169
44.49186508 1.451862614e-07 12561
45.49170761 1.438459011e-07 13157
46.4864259 1.44065141e-07 13553
47.48236471 1.477124153e-07 14393
48.48399907 1.468181894e-07 14869
49.48505401 1.509145144e-07 15641
