1.367171259 2.626438841e-06 17
2.385326409 2.49522008e-06 41
3.401583682 2.583320471e-06 89
4.412521673 2.266454104e-06 129
5.454827237 1.776827713e-06 225
6.434946136 1.522088092e-06 253
7.436757396 1.380191581e-06 393
8.444535568 1.220755206e-06 461
9.458928972 1.129527824e-06 613
10.46210466 1.00863939e-06 713
11.44954903 8.453232536e-07 845
12.45324773 8.016440632e-07 1025
13.47758609 6.957773044e-07 1229
14.47601472 6.447197051e-07 1313
15.46860292 5.716458255e-07 1585
16.46572349 4.991153765e-07 1701
17.46543308 4.787525232e-07 2021
18.46898169 4.49558226e-07 2181
19.47397238 4.240533762e-07 2473
20.47820638 4.004300226e-07 2697
21.47671439 3.71015086e-07 2949
22.47082386 3.46943281e-07 3237
23.47569929 3.214785019e-07 3577
24.47364525 2.979537571e-07 3761
25.47358607 2.797045956e-07 4249
26.48254416 2.599481451e-07 4465
27.48833039 2.525260342e-07 4937
28.48344364 2.38071588e-07 5013
29.47958157 2.237333411e-07 5677
30.47376335 2.172326403e-07 5773
31.47818108 2.007480682e-07 6489
32.48172678 1.971632151e-07 6653
33.4843691 1.881193301e-07 7229
34.48673843 1.81458299e-07 7561
35.48604077 1.809854143e-07 8033
36.48713993 1.682686441e-07 8469
37.48215335 1.660635195e-07 8889
38.48147449 1.596185952e-07 9441
39.48354926 1.549027593e-07 9965
40.48010208 1.54095906e-07 10309
41.48015446 1.499889138e-07 11033
42.48181226 1.466892536e-07 11433
43.48736144 1.470334977e-07 12169
44.49186508 1.451862632e-07 12561
45.49170761 1.438459013e-07 13157
46.4864259 1.440651412e-07 13553
47.48236471 1.477124151e-07 14393
48.48399907 1.468181901e-07 14869
49.48505401 1.509145132e-07 15641
