1.367171259 2.626438531e-06 17
2.385326409 2.495220255e-06 41
3.401583682 2.583320431e-06 89
4.412521673 2.26645414e-06 129
5.454827237 1.776827672e-06 225
6.434946136 1.522088075e-06 253
7.436757396 1.3801916e-06 393
8.444535568 1.220755194e-06 461
9.458928972 1.12952782e-06 613
10.46210466 1.008639374e-06 713
11.44954903 8.453232561e-07 845
12.45324773 8.016440619e-07 1025
13.47758609 6.957773049e-07 1229
14.47601472 6.44719702e-07 1313
15.46860292 5.716458202e-07 1585
16.46572349 4.991153826e-07 1701
17.46543308 4.787525199e-07 2021
18.46898169 4.495582289e-07 2181
19.47397238 4.240533782e-07 2473
20.47820638 4.004300205e-07 2697
21.47671439 3.710150873e-07 2949
22.47082386 3.469432797e-07 3237
23.47569929 3.214785008e-07 3577
24.47364525 2.979537597e-07 3761
25.47358607 2.79704597e-07 4249
26.48254416 2.599481478e-07 4465
27.48833039 2.525260347e-07 4937
28.48344364 2.380715894e-07 5013
29.47958157 2.23733342e-07 5677
30.47376335 2.172326378e-07 5773
31.47818108 2.007480675e-07 6489
32.48172678 1.971632156e-07 6653
33.4843691 1.881193306e-07 7229
34.48673843 1.814582994e-07 7561
35.48604077 1.809854158e-07 8033
36.48713993 1.682686436e-07 8469
37.48215335 1.660635217e-07 8889
38.48147449 1.596185939e-07 9441
39.48354926 1.549027599e-07 9965
40.48010208 1.540959069e-07 10309
41.48015446 1.499889135e-07 11033
42.48181226 1.466892548e-07 11433
43.48736144 1.470334991e-07 12169
44.49186508 1.451862635e-07 12561
45.49170761 1.438459012e-07 13157
46.4864259 1.440651419e-07 13553
47.48236471 1.477124151e-07 14393
48.48399907 1.468181896e-07 14869
49.48505401 1.509145138e-07 15641
