1.36717 2.53172e-05 17
2.38533 2.39841e-05 41
3.40158 2.51933e-05 89
4.41252 2.20299e-05 129
5.45483 1.70868e-05 225
6.43495 1.4771e-05 253
7.43676 1.3463e-05 393
8.44454 1.19736e-05 461
9.45893 1.10362e-05 613
10.4621 9.88741e-06 713
11.4495 8.26492e-06 845
12.4532 7.94371e-06 1025
13.4776 6.96242e-06 1229
14.476 6.50387e-06 1313
15.4686 5.8645e-06 1585
16.4657 5.19832e-06 1701
17.4654 5.06198e-06 2021
18.469 4.83084e-06 2181
19.474 4.59075e-06 2473
20.4782 4.36069e-06 2697
21.4767 4.11604e-06 2949
22.4708 3.97967e-06 3237
23.4757 3.75057e-06 3577
24.4736 3.56752e-06 3761
25.4736 3.39426e-06 4249
26.4825 3.20973e-06 4465
27.4883 3.18454e-06 4937
28.4834 3.06944e-06 5013
29.4796 2.92354e-06 5677
30.4738 2.89453e-06 5773
31.4782 2.76757e-06 6489
32.4817 2.72614e-06 6653
33.4844 2.66975e-06 7229
34.4867 2.63324e-06 7561
35.486 2.62407e-06 8033
36.4871 2.53796e-06 8469
37.4822 2.46649e-06 8889
38.4815 2.4278e-06 9441
39.4835 2.4164e-06 9965
40.4801 2.42131e-06 10309
41.4802 2.41034e-06 11033
42.4818 2.39757e-06 11433
43.4874 2.41018e-06 12169
44.4919 2.40472e-06 12561
45.4917 2.38728e-06 13157
46.4864 2.4173e-06 13553
47.4824 2.45904e-06 14393
48.484 2.49196e-06 14869
49.4851 2.51018e-06 15641
