1.367171259 2.531724015e-05 17
2.385326409 2.398413498e-05 41
3.401583682 2.519325299e-05 89
4.412521673 2.202985584e-05 129
5.454827237 1.708678803e-05 225
6.434946136 1.477104843e-05 253
7.436757396 1.346303398e-05 393
8.444535568 1.197363518e-05 461
9.458928972 1.103620367e-05 613
10.46210466 9.887411883e-06 713
11.44954903 8.264920013e-06 845
12.45324773 7.94370502e-06 1025
13.47758609 6.962420125e-06 1229
14.47601472 6.503871799e-06 1313
15.46860292 5.864495112e-06 1585
16.46572349 5.198322901e-06 1701
17.46543308 5.061977923e-06 2021
18.46898169 4.830840276e-06 2181
19.47397238 4.590751402e-06 2473
20.47820638 4.360693053e-06 2697
21.47671439 4.116040226e-06 2949
22.47082386 3.979674311e-06 3237
23.47569929 3.750572475e-06 3577
24.47364525 3.567516742e-06 3761
25.47358607 3.394262566e-06 4249
26.48254416 3.209733099e-06 4465
27.48833039 3.184542967e-06 4937
28.48344364 3.069443397e-06 5013
29.47958157 2.923536093e-06 5677
30.47376335 2.894526431e-06 5773
31.47818108 2.767571322e-06 6489
32.48172678 2.726142891e-06 6653
33.4843691 2.669748566e-06 7229
34.48673843 2.633241866e-06 7561
35.48604077 2.624067781e-06 8033
36.48713993 2.537962686e-06 8469
37.48215335 2.46648559e-06 8889
38.48147449 2.427798801e-06 9441
39.48354926 2.416396249e-06 9965
40.48010208 2.421310905e-06 10309
41.48015446 2.41034369e-06 11033
42.48181226 2.397567825e-06 11433
43.48736144 2.410179778e-06 12169
44.49186508 2.40472283e-06 12561
45.49170761 2.387277121e-06 13157
46.4864259 2.41730101e-06 13553
47.48236471 2.459042921e-06 14393
48.48399907 2.491962625e-06 14869
49.48505401 2.510178457e-06 15641
