1.367171259 2.564881121e-05 17
2.385326409 2.436738345e-05 41
3.401583682 2.522773853e-05 89
4.412521673 2.213334198e-05 129
5.454827237 1.735183262e-05 225
6.434946136 1.486414158e-05 253
7.436757396 1.347843378e-05 393
8.444535568 1.19214375e-05 461
9.458928972 1.103054511e-05 613
10.46210466 9.849994158e-06 713
11.44954903 8.25510982e-06 845
12.45324773 7.828555265e-06 1025
13.47758609 6.7947003e-06 1229
14.47601472 6.29609086e-06 1313
15.46860292 5.58247874e-06 1585
16.46572349 4.874173707e-06 1701
17.46543308 4.675317575e-06 2021
18.46898169 4.390217046e-06 2181
19.47397238 4.14114624e-06 2473
20.47820638 3.91044937e-06 2697
21.47671439 3.623194227e-06 2949
22.47082386 3.388117973e-06 3237
23.47569929 3.139438473e-06 3577
24.47364525 2.909704668e-06 3761
25.47358607 2.731490165e-06 4249
26.48254416 2.538556127e-06 4465
27.48833039 2.466074562e-06 4937
28.48344364 2.324917856e-06 5013
29.47958157 2.184895921e-06 5677
30.47376335 2.121412596e-06 5773
31.47818108 1.960430365e-06 6489
32.48172678 1.92542201e-06 6653
33.4843691 1.837102835e-06 7229
34.48673843 1.772053701e-06 7561
35.48604077 1.767435698e-06 8033
36.48713993 1.643248485e-06 8469
37.48215335 1.621714059e-06 8889
38.48147449 1.558775333e-06 9441
39.48354926 1.512722259e-06 9965
40.48010208 1.504842767e-06 10309
41.48015446 1.464735497e-06 11033
42.48181226 1.432512249e-06 11433
43.48736144 1.435874008e-06 12169
44.49186508 1.417834599e-06 12561
45.49170761 1.404745131e-06 13157
46.4864259 1.406886148e-06 13553
47.48236471 1.442504055e-06 14393
48.48399907 1.433771385e-06 14869
49.48505401 1.473774556e-06 15641
